"doc_topic.1" "doc_topic.2" "doc_topic.3" "doc_topic.4" "doc_topic.5" "doc_topic.6" "doc_topic.7" "doc_topic.8" "doc_topic.9" "doc_topic.10" "meta$date"
"1" 0.0203928718948822 0.0987157506532267 0.0145172201265785 0.0696786302603153 0.33913341872381 0.0279723967290877 0.0178500882403147 0.0579398741192335 0.0975812623812905 0.256218486871261 1946
"2" 0.0593081170357432 0.0610364521175827 0.0803644057470109 0.0634246641171374 0.150902041768441 0.066063165617327 0.0868546067740958 0.127508673179294 0.197776605551103 0.106761268092264 1946
"3" 0.065689500909885 0.0410000985716668 0.0385984447576512 0.0383891198682468 0.155258996260856 0.15567563796653 0.158935681251455 0.126460400415797 0.0834627780468621 0.136529341951049 1946
"4" 0.0760009826477213 0.0582609285243238 0.0280698580647001 0.0981682640987887 0.13194545507176 0.0592155560372069 0.0398072948639879 0.0798379836720184 0.270640476081671 0.158053200937822 1946
"5" 0.0678376297414504 0.0764001017340188 0.0507673301414869 0.0769635001645269 0.149041497200981 0.0750303520135492 0.0728649637096057 0.106234410201494 0.135807816962437 0.18905239813045 1946
"6" 0.0473839219449837 0.0667772386025886 0.0317382262884966 0.148759829610305 0.284399104666546 0.063754763628796 0.0453478097569445 0.0817448499894028 0.0893814195672247 0.140712835944712 1946
"7" 0.0206717990378332 0.0369790879964157 0.0132862037421837 0.169087205629488 0.170476282555088 0.0239623183191938 0.0277957706425238 0.0533302146563521 0.409054965263547 0.0753561521573748 1946
"8" 0.0398966424667308 0.138369670725629 0.0584682917735577 0.0365729137785604 0.151170979006318 0.0676132539169857 0.213417583375635 0.0700086049954594 0.114027708916935 0.110454351044189 1946
"9" 0.104373673137567 0.0661625261361238 0.0896024986188344 0.0584741798153681 0.154950277076767 0.0755945629565762 0.081707046653381 0.0850718861968475 0.184888650887953 0.0991746985205812 1946
"10" 0.0284005132052336 0.110796981505471 0.0210631580742628 0.0728448764850169 0.199568434041366 0.0575590910057755 0.0386099767953862 0.144282321534743 0.212110365513162 0.114764281839583 1946
"11" 0.05056224031462 0.0704875016648937 0.0306581694468849 0.127918714585075 0.143494291607559 0.0529974365827964 0.0472668493269648 0.223679943724892 0.166734890137659 0.0861999626086554 1946
"12" 0.123651928467518 0.145975614422526 0.0425287813970746 0.0631222846012257 0.121925732831381 0.118355268744669 0.0934349868932919 0.115543208013144 0.0557214387890132 0.119740755840156 1946
"13" 0.0298859814666595 0.0381501055700026 0.017344789934502 0.0179812829506057 0.356912742815934 0.0236849069255764 0.251309720845657 0.093021767784537 0.142173650519821 0.029535051186704 1946
"14" 0.0461177500338197 0.0317512840412226 0.0343964868749766 0.0286794414020879 0.165733380584907 0.0671171880810972 0.150329718347349 0.0969330166497263 0.15779833534367 0.221143398641143 1946
"15" 0.0326847332167216 0.134542424457695 0.0262511156140965 0.038611849627958 0.171450370678534 0.0425490076406196 0.0528915988877919 0.0668318835557134 0.245204196645331 0.188982819675538 1946
"16" 0.118212364791431 0.0527890730967787 0.0365317229395452 0.060816652225024 0.1301220131856 0.0773056353828067 0.088972406304645 0.170697187321406 0.178520867364813 0.086032077387951 1946
"17" 0.0712604966363859 0.0356063020283352 0.0722528095085384 0.0521241635097186 0.197121972157364 0.0441762392739164 0.144389270230382 0.0439367747837311 0.263293903969539 0.0758380679020904 1946
"18" 0.0586866244909138 0.12391069203641 0.0373582281754298 0.092641442266825 0.131606674189207 0.0852946522685718 0.116271989210424 0.124272212162341 0.158891671712 0.0710658134878771 1946
"19" 0.037777195329768 0.0445967448430659 0.0186986638790414 0.0963592764082218 0.143578045055123 0.0932909374691844 0.0320220904939696 0.140669797395058 0.341324982251445 0.0516822668751234 1946
"20" 0.0599681097995445 0.10257781068309 0.0486215068352705 0.0378653698141892 0.206691031441343 0.0542717348433218 0.094879233987208 0.0519916835706223 0.157459339796346 0.185674179229064 1946
"21" 0.0269314294423059 0.109743666045521 0.0226625944788911 0.0539159408046355 0.0437847958358149 0.0264871678803822 0.0776076800596028 0.0693930520137093 0.444732531940502 0.124741141498635 1946
"22" 0.0465392821925416 0.0533373363451017 0.0328557554389884 0.275767028974096 0.131397548873987 0.0519835226526811 0.122846700394818 0.10290620091401 0.114172560174105 0.0681940640396713 1946
"23" 0.0511540097791319 0.0573521143997329 0.0356303885998804 0.0619509133154538 0.194541525888673 0.0979826033671449 0.0564702492031772 0.156661549116938 0.194435479896396 0.0938211664334716 1946
"24" 0.0700803025879983 0.0995554791987851 0.024443912675025 0.0318406860737481 0.132393587969455 0.0344117579800619 0.0319426478733405 0.0556104940545237 0.120525292057225 0.399195839529837 1946
"25" 0.0419731252782477 0.0383284352354998 0.110372908756135 0.0953232704251605 0.267994964233946 0.0444525417515176 0.038878115047697 0.177852949914916 0.0851031253653081 0.0997205639915724 1946
"26" 0.0598136714693211 0.0772236771718326 0.0402146188980533 0.156041412271913 0.135707377882496 0.0688253390322605 0.0573248886736287 0.153833916255986 0.107867223098867 0.143147875245642 1946
"27" 0.0465610253924487 0.2101929779617 0.148904492531574 0.0337356663006978 0.196388171481902 0.0683291531964263 0.0994474748292557 0.0609674823005004 0.0904962201177898 0.0449773358877059 1946
"28" 0.0496310897894522 0.15889529597365 0.0507271501751447 0.181195709552894 0.190387035246719 0.0566636432269576 0.132941542503571 0.0555360568707885 0.0482417947086395 0.0757806819521831 1946
"29" 0.0633634956334948 0.0646694754387538 0.0319068875131602 0.0624478319555019 0.121081777121168 0.180778288017209 0.0457992982970731 0.210296890380203 0.0927618052655761 0.12689425037786 1947
"30" 0.0287244888415999 0.155375755758587 0.0440240151746369 0.0237338729445087 0.443741213242854 0.0614379891846092 0.0288772447708423 0.0784169963982485 0.0615482965708181 0.074120127113296 1947
"31" 0.0634055411464993 0.0437200604134041 0.0280860371108016 0.0211840407083238 0.0578578580705486 0.0565516882739475 0.0293779762477965 0.0446493592956415 0.101464317484269 0.553703121248768 1947
"32" 0.0844857949457874 0.0679338014535373 0.050914663857083 0.033750187223163 0.0859937207730587 0.0498567810752686 0.358922366273109 0.058114189196122 0.143850476311819 0.0661780188910524 1947
"33" 0.0344513688264896 0.0676506337928427 0.0245018598011406 0.0484976751698072 0.378918838779175 0.0459284015993853 0.0365241556779469 0.0789579464476777 0.124108842725537 0.160460277179998 1947
"34" 0.0695649536351947 0.0480632293533163 0.0357640056022602 0.129706535490695 0.200665020914419 0.0487014597280806 0.141041625281551 0.0907390961390842 0.122110835060497 0.113643238794902 1947
"35" 0.0918557417901429 0.0392899034318294 0.0281533874825045 0.0491252165814651 0.343107898962237 0.0846384802861488 0.0896452813701101 0.0738354898600577 0.12302545472791 0.0773231455075942 1947
"36" 0.0559465407236144 0.147296028530037 0.0366109610741023 0.0650727409786907 0.169375758350865 0.0984639316707697 0.0686783188156483 0.16482626178795 0.108274724514202 0.0854547335541201 1947
"37" 0.0461587717650162 0.0567942026950458 0.0307348475141589 0.10684934471585 0.225099297448362 0.0525889230626871 0.0593390625818512 0.0706969626527083 0.268143280062105 0.0835953075022149 1947
"38" 0.0436194898949802 0.0699033502559001 0.0544232494317112 0.0509354605571347 0.243238910954038 0.0511178681340576 0.0893508094201863 0.153556994673084 0.132059249911227 0.111794616767681 1947
"39" 0.0485563439222949 0.0456366608164104 0.029215450928101 0.0262236226234548 0.105599885108014 0.033011071793068 0.200482923892746 0.0772015470891028 0.37004889828615 0.0640235955406576 1947
"40" 0.368686650704698 0.105828797467369 0.0217289802806814 0.0561771922197114 0.245764965438837 0.0362141221574396 0.0294205050433241 0.0412967430613438 0.0450135227753486 0.0498685208512463 1947
"41" 0.160608867268646 0.21946684236784 0.0341464004954041 0.0634105018972656 0.0689771717565488 0.0613609106737328 0.10125939324015 0.0700203412642827 0.143523636040775 0.0772259349953548 1947
"42" 0.0426502764550534 0.0389762526661266 0.0488994710869021 0.147011852603857 0.111290580003891 0.0433394372489107 0.368720733389504 0.0814118754920947 0.0666646749140135 0.0510348461396466 1947
"43" 0.149939195096236 0.143957392939451 0.0299941117198585 0.0646389160995546 0.181234277303441 0.145154239147471 0.075627770990418 0.052476004099054 0.0746723489640381 0.0823057436404772 1947
"44" 0.0478039948958683 0.0777291406884438 0.03761521060651 0.0883562524033729 0.187280353854945 0.0521264621515868 0.0894087347986417 0.105508235457728 0.191131852071336 0.123039763071567 1947
"45" 0.0464773399996714 0.0354195879553505 0.104040812091275 0.0295036568372508 0.104807996259136 0.0829757716129843 0.0500526401256564 0.147398379487161 0.224554753292197 0.174769062339318 1947
"46" 0.0392579950999859 0.0677231532529756 0.0283888189942504 0.0351319058108842 0.106064402230345 0.0745171344661312 0.0559909491573496 0.0541247051542361 0.475206551136638 0.0635943846972033 1947
"47" 0.0621998751188747 0.0989199855946444 0.0451195122011761 0.0733004696326445 0.183160555968423 0.0644671000198638 0.132125121469521 0.0871765720756911 0.161283750815723 0.0922470571034371 1947
"48" 0.0482329546792759 0.0347649215104141 0.133162101724687 0.0278163062827368 0.169968272932587 0.0876998539002304 0.0684617131610182 0.0861766089842437 0.207118463837999 0.136598802986807 1947
"49" 0.0504061574254342 0.0683894494126072 0.0267801287255857 0.100002822656301 0.312080028810132 0.133981608947112 0.0979009898143279 0.0759314627598856 0.0788250119264892 0.0557023395221254 1947
"50" 0.0341560782848339 0.0676428075874087 0.0176541211725565 0.23653328560333 0.160597640634558 0.0522882035496586 0.075715278850789 0.062692114828293 0.236628722803395 0.0560917466851772 1947
"51" 0.0282204657241884 0.025762252377269 0.0613942196965087 0.0301536758845961 0.0989316268426766 0.0928692096590596 0.116385161885366 0.182180424147088 0.305346860213548 0.0587561035696991 1947
"52" 0.0989232137220678 0.0613859936001018 0.0381833033617738 0.119925310537022 0.196929790612913 0.0627988310894905 0.0758674893756155 0.151212250418957 0.108128135433059 0.0866456818489995 1947
"53" 0.0520036219841168 0.0892910554603381 0.0308029489043416 0.0320366807862117 0.173969817241847 0.0733038270618251 0.207225458887092 0.0826212259065184 0.171946057212154 0.0867993065555553 1947
"54" 0.102359584776579 0.0546048292248541 0.0626298571664855 0.0516501320075242 0.133944072923632 0.0562698009879108 0.0748558708702451 0.124982766814192 0.250685153477859 0.0880179317507176 1947
"55" 0.0491099509588054 0.118058967744007 0.0265128377112599 0.0337535030169442 0.0681871215668793 0.0308173343879326 0.0345450436111191 0.0730999871963664 0.239110638828627 0.326804614978059 1947
"56" 0.0220028781924306 0.242666952049321 0.0159350868643501 0.0465269960786627 0.251667270650986 0.0596077635699453 0.0474745501465325 0.0510617889080427 0.184235287250342 0.0788214262893873 1947
"57" 0.0854565129610392 0.100394216592207 0.0485089759044603 0.029662109371061 0.302604839150661 0.0333867711064568 0.0310203560838857 0.0461854794422869 0.128958022222344 0.193822717165597 1947
"58" 0.242769498730995 0.0502429534662991 0.0362861264552753 0.0643558695631418 0.0917327206301144 0.055719735725411 0.0494409076861001 0.0927855866393934 0.154573245950671 0.162093355152599 1947
"59" 0.0772626643840539 0.0820171537233469 0.0343030257819796 0.095416836965211 0.26530647067297 0.0554137477039866 0.0838914463723309 0.130274508121957 0.07182447992172 0.104289666352444 1947
"60" 0.086752005185735 0.0509952266093185 0.0716512173488951 0.0827698179736187 0.165697766880195 0.0595274857141437 0.172683111735272 0.11234695564967 0.121047765712915 0.0765286471902365 1947
"61" 0.0438951036705679 0.0543942196339565 0.0293961598734315 0.0658495505210562 0.372600134712058 0.0969706770018121 0.0494240043795164 0.0678278703832366 0.114350331711021 0.105291948113344 1947
"62" 0.0763809157826517 0.0529604359978097 0.0880494934453062 0.0290045711428869 0.156119621692196 0.0723044489918832 0.11230115455169 0.0482978985394715 0.055470403824786 0.309111056031318 1947
"63" 0.290055949113333 0.0545740048960437 0.0234492468307428 0.0590654300982143 0.25827881890555 0.0852783274875119 0.0280721066369598 0.043909001608572 0.0408058607507388 0.116511253672334 1947
"64" 0.0664124260203691 0.0490595640191403 0.0800812862817086 0.0594532067654984 0.0702676980559243 0.03276233714994 0.16873288107142 0.103263568016411 0.198543761338003 0.171423271281585 1947
"65" 0.119173594587489 0.0953110313279265 0.0371688148387855 0.0408700907944469 0.0997948632764654 0.0427394675836578 0.0659310691394784 0.0600994124159594 0.372198032791263 0.0667136232445283 1947
"66" 0.0406221561113937 0.14189754203995 0.0271404838934216 0.0714298387523602 0.335920396121556 0.182184252564675 0.0258545628151857 0.0863157776850819 0.03521714014065 0.0534178498757248 1947
"67" 0.0595671354678711 0.0429568509867487 0.0898625807510344 0.0358433620240139 0.0771709963890486 0.0828500632416565 0.354677374651026 0.0996844081332545 0.0915850308520796 0.0658021975032668 1947
"68" 0.0261961966456506 0.0439274600289737 0.0282393982915242 0.0666273556229416 0.126509524566632 0.0434683625084703 0.120984038698888 0.0839463652034947 0.179304478776571 0.280796819656853 1947
"69" 0.0438870707710976 0.046197785429995 0.0365355218633559 0.0826561562195967 0.234470064063671 0.108031705453133 0.187666440811832 0.0926100872599244 0.072406703107933 0.0955384650194605 1947
"70" 0.0611396695384847 0.0522290034124414 0.0707100367392751 0.0297520505626395 0.109647329134745 0.175268842401462 0.0688656423232133 0.0771899273819875 0.25830958329311 0.0968879152126418 1947
"71" 0.138634195617924 0.0896268307559374 0.0670555820049539 0.0544583295985568 0.179735912500443 0.0759326692964859 0.0714429793612408 0.102684731216432 0.121531977999296 0.0988967916487296 1948
"72" 0.120833143391644 0.0653848719498147 0.0767353774980489 0.0802830067350043 0.342227985937555 0.0447164390368925 0.0452755956626912 0.0768294869582839 0.0739030616377386 0.0738110311923267 1948
"73" 0.041976663435977 0.101743074208209 0.0293216182982599 0.0940361594070741 0.182785286992086 0.093796305026384 0.0759500192696242 0.154100433017777 0.132913657995524 0.0933767823490856 1948
"74" 0.0445639787986266 0.0742197535675362 0.0276285377358185 0.228034318975526 0.162269579445018 0.175443996458568 0.0676854825011739 0.100852323151176 0.0594841201744687 0.0598179091920882 1948
"75" 0.0306514903223681 0.103658643318019 0.079803582297814 0.0843705116477085 0.0987184056841243 0.0960985028009497 0.114991299609694 0.124666372667446 0.133552436791127 0.133488754860749 1948
"76" 0.048975465013449 0.0653337809931211 0.0549037137218465 0.0551170706715318 0.176460021728754 0.0764800764128073 0.0572142169047896 0.185490843184469 0.128401231320445 0.151623580048787 1948
"77" 0.052839285993498 0.0390313996885647 0.0827226169386382 0.0410869841046426 0.357012417552457 0.0466187223828972 0.0723483292180857 0.130580034895011 0.0626073867583806 0.115152822467825 1948
"78" 0.0514579466851902 0.253786297271975 0.0848211995178455 0.115387526793825 0.113271661779967 0.0910493272326201 0.0974664436631248 0.0623100376873367 0.0672212264532002 0.0632283329149163 1948
"79" 0.0477275711368126 0.0528034280014488 0.0360509109075505 0.0521290706937504 0.350067194912874 0.0574048656436747 0.155131735748123 0.0623880866466228 0.11030451224872 0.0759926240604237 1948
"80" 0.0807328525902311 0.038924706506886 0.0366240238402231 0.0561970085753107 0.289643908464797 0.0753084257281928 0.136811975427493 0.0581248816742647 0.0546372250488432 0.172994992143758 1948
"81" 0.0454540163359847 0.0726725907888756 0.0557895889489579 0.0744472466129825 0.170856799589319 0.135026913021177 0.0500133099869317 0.108232824150259 0.0925353414895564 0.194971369075956 1948
"82" 0.0550066435449087 0.235926769183819 0.0322582824655771 0.0530416337422422 0.146915605551762 0.0292240765616466 0.031972380547106 0.0973545361003022 0.258664830267078 0.0596352420355582 1948
"83" 0.232744668914155 0.0880737354235978 0.0478648938630454 0.0786981310319116 0.0672293879986423 0.0426273788197663 0.187053015698398 0.140829515330271 0.0639076474129327 0.0509716255072799 1948
"84" 0.0363874179918987 0.0249476414039235 0.0282997868837057 0.0335338058618984 0.0517743515189395 0.024216649818329 0.0350481953180523 0.178374878113626 0.518093729900037 0.0693235431895893 1948
"85" 0.0596113814368544 0.0573693646586721 0.043836108778204 0.0513877130294014 0.120491690128277 0.0946668577205317 0.0785212391374331 0.132943942172519 0.213829330488268 0.14734237244984 1948
"86" 0.0489864337551233 0.0403606303978695 0.0451932528290413 0.0320428852839436 0.0751417413708447 0.0710477444767105 0.2712887690698 0.10318556069199 0.221824550713967 0.0909284314107098 1948
"87" 0.0451246542179689 0.0367521078320647 0.125978052187749 0.074403181826518 0.0640272687410592 0.036769629537977 0.221699882241275 0.0546142418677874 0.261124765191126 0.0795062163564742 1948
"88" 0.0625877657676526 0.181771837368565 0.0615886708298931 0.0911589535473776 0.109494206237576 0.0292801044454938 0.0353768764106946 0.217635728342713 0.0535461478336016 0.157559709216433 1948
"89" 0.0459179810258462 0.112926083020071 0.178235759587583 0.0309545427508156 0.0671969167792166 0.040323151711644 0.0551320858358538 0.126631405683923 0.126298733010505 0.216383340594541 1948
"90" 0.209584875700309 0.0491612461375103 0.129972120327847 0.0786326052793843 0.171790311739911 0.0497426593954167 0.0618851906686241 0.0672869227412318 0.0909965138635609 0.0909475541462039 1948
"91" 0.0265040774131488 0.0485914539719735 0.0185773547463995 0.215368814279871 0.232503248360434 0.161396717628655 0.0587783853715193 0.0591989416696457 0.106506398030393 0.0725746085279603 1948
"92" 0.0232448710201283 0.0336500316975094 0.0133182091874738 0.0747999073729002 0.655362619051543 0.0541485258731776 0.0236368918696542 0.0369343864984329 0.0373811865997163 0.0475233708294639 1948
"93" 0.171241599134617 0.0616214411288118 0.03496128242819 0.0388834879861613 0.184135164669938 0.041566120564609 0.0732869411736425 0.0575062901781922 0.089797178146044 0.247000494589794 1948
"94" 0.13459470572704 0.0677019242311358 0.0452100769103215 0.074340784634728 0.197480663461683 0.0694757593830674 0.0764085338885803 0.139041524171862 0.0952651851073627 0.100480842484219 1948
"95" 0.0225267248592482 0.0746734857406144 0.0144909080132026 0.0726743518411052 0.549437163976568 0.0332044178372919 0.0216206674694929 0.126713326921225 0.0342805423686824 0.0503784109725699 1948
"96" 0.0343226566108389 0.058418629832472 0.0856905139410412 0.0348032418423217 0.304438757900024 0.0364979886837075 0.0388550169283929 0.046976047127083 0.0870676544154231 0.272929492718696 1948
"97" 0.0505514386746939 0.0614829832939067 0.0612964486088758 0.0325304042710787 0.0821098535360609 0.0682493405996184 0.240680120783511 0.101248517115276 0.144680407709835 0.157170485407144 1948
"98" 0.0793520515956092 0.0602747433116426 0.115337752991914 0.0497361295628517 0.117906599682134 0.0660554182097841 0.204591082639808 0.0908117151801052 0.118345099451294 0.0975894073748576 1948
"99" 0.0213651213905592 0.0869818501843871 0.0339784441094454 0.106016083420155 0.090796148765711 0.227964470125101 0.0509592077382207 0.0499777564913938 0.28451231916179 0.0474485986132375 1948
"100" 0.0824985069632395 0.186020960463 0.0898346091556479 0.0835666609474417 0.0633375640797395 0.0335209108139733 0.229397488115319 0.0670232385843373 0.0783000033087899 0.0865000575685115 1948
"101" 0.0157651089825402 0.128001591977787 0.00884021473317617 0.161329075821769 0.0750178968302512 0.0137386196694234 0.0755912783296761 0.159150347284651 0.328300707945238 0.034265158425488 1948
"102" 0.0549068847673125 0.0898534878114653 0.0452480784475288 0.100071229253052 0.192062999651123 0.122433257053435 0.169496938383138 0.0740398107591407 0.0785114251682575 0.0733758887055467 1948
"103" 0.0535325228876911 0.059897172430935 0.0378764108310624 0.117024753921417 0.268688522133422 0.0598335770549156 0.106834975275374 0.0798420123288812 0.0861739011125104 0.130296152023791 1948
"104" 0.122988959725044 0.0523261014812787 0.0768134241186804 0.0647721082662828 0.209339840121745 0.0486595956565945 0.0656659297677524 0.163365368523724 0.0813964006963187 0.114672271642579 1948
"105" 0.056896642318916 0.148195459545655 0.0633370504646701 0.0928655037577685 0.244211481860106 0.0584728790293935 0.0805442357463453 0.0720438859126068 0.0895230117757359 0.0939098495888024 1948
"106" 0.211895803794199 0.0307031946495211 0.0466547646325059 0.0292203770796915 0.0671389508032235 0.0369234458040637 0.0744192451549262 0.38797198517722 0.0458840777049132 0.0691881551997354 1948
"107" 0.0774867136224078 0.0596757953328957 0.0334492275703334 0.0358879770198921 0.233351290720989 0.0820902421812971 0.117464090142446 0.0775567389889844 0.199670777476017 0.0833671469447387 1948
"108" 0.0403412103409537 0.0254619256604711 0.0308880839469083 0.0204844137548796 0.105914270361355 0.0291159399744326 0.514003745965729 0.0344086391132658 0.138351337679531 0.0610304332024741 1948
"109" 0.34165250801505 0.0992855626110062 0.230868544936142 0.00482960339975332 0.0586345511699209 0.0210137755538259 0.070633481809547 0.0214383883896084 0.106885570171082 0.0447580139440634 1948
"110" 0.0483135088154683 0.0889303962434768 0.0307560833404278 0.14850722228571 0.142836030694356 0.116557960354499 0.0632643821242978 0.0735344463094685 0.215398458421988 0.0719015114103086 1948
"111" 0.086042524199777 0.111258926572123 0.0838970877581443 0.12364408282535 0.237945506482533 0.0445824794085958 0.043791922786601 0.145379134429575 0.047285816848785 0.0761725186885165 1948
"112" 0.0574640365828769 0.0537923798411691 0.0674050970024933 0.0311387617128262 0.209878389820164 0.0979260958204774 0.111427697405724 0.0674707462223609 0.12710858890532 0.176388206686588 1948
"113" 0.106166426461788 0.0517300100715335 0.036248808103567 0.126700164916361 0.225959056997667 0.0501783769304551 0.131421286470006 0.0725651113878466 0.100929773239072 0.0981009854217037 1949
"114" 0.163810262970332 0.0588343742771743 0.0789122978645726 0.0485924627157254 0.149755018243189 0.0574008732636865 0.0714631954285242 0.116612816683999 0.0806655369628099 0.173953161589988 1949
"115" 0.0286108096770054 0.0270254658559527 0.028144827668433 0.0235141556147494 0.10080103145234 0.0293459319102304 0.153272836892437 0.0698892721941219 0.220597116884715 0.318798551850016 1949
"116" 0.0649528308426492 0.0532488242725481 0.0255925854033409 0.0396207696674278 0.10049691407367 0.0487300462431538 0.0693002052243503 0.241205136505115 0.171468133825246 0.185384553942499 1949
"117" 0.0452436259794328 0.345706565299263 0.024421662781572 0.0482569115002837 0.217928130779748 0.0544572017523807 0.0419643371766589 0.0512292801488148 0.0765026261754227 0.0942896584064229 1949
"118" 0.0818686787693595 0.319323454566458 0.0222988264106692 0.0409280074980835 0.0837297127038477 0.135688598462944 0.070577536442334 0.126808489019184 0.0611700808914013 0.0576066152357192 1949
"119" 0.0442907789566531 0.0359441870757544 0.103781821391947 0.0222864389309938 0.117619422068769 0.0506616758267986 0.214576931345339 0.139532120863536 0.123140560800964 0.148166062739247 1949
"120" 0.027345710939621 0.0299560521766883 0.0241205061352128 0.0470359970530395 0.0935657831047592 0.0678696113129789 0.0520580893087271 0.0956503408118908 0.105789781462119 0.456608127694963 1949
"121" 0.387378486964378 0.0325245369048388 0.0753842912376864 0.0214682824269879 0.0362403766384874 0.0411668624192076 0.0739230894917591 0.156925393018922 0.0434229264068024 0.13156575449093 1949
"122" 0.0430069566910354 0.0997616219154553 0.0407874192494051 0.0473420116332869 0.0701594991798403 0.0385247305048325 0.208510417182097 0.0760343136657623 0.18537526569927 0.190497764279015 1949
"123" 0.0610487784725421 0.0534077714292793 0.0301718254247524 0.140075156002958 0.107097835855088 0.0601522728759017 0.110546205131297 0.105180737194866 0.25341315022872 0.0789062673845966 1949
"124" 0.0614845236767017 0.051482081226197 0.196082491803935 0.0553809291704896 0.0793832639165662 0.0422432952706148 0.101472024855835 0.180543961265827 0.0727975320525527 0.159129896761281 1949
"125" 0.0408127245546084 0.113763002968563 0.0430349432488223 0.100017044541743 0.373789470733614 0.0471000555723743 0.0428623323095534 0.0597341696304016 0.0549275056740326 0.123958750766288 1949
"126" 0.174809922925621 0.137960739923098 0.188513230813872 0.0351206120232382 0.159685726746129 0.0468046671672125 0.0549652091207505 0.0707898235744867 0.0522314065702228 0.0791186611353701 1949
"127" 0.106089536980561 0.0733540791425736 0.0395701911494424 0.0918205207899279 0.095787528244292 0.0877276847464721 0.100441412630811 0.256299578329768 0.074945661191957 0.0739638067941946 1949
"128" 0.139702340224975 0.164127811131681 0.0409288718459514 0.0452937204424623 0.14369264478219 0.0748402555411469 0.0394915442846785 0.138862024113929 0.116946126862189 0.0961146607707975 1949
"129" 0.148588099979358 0.0617538968720704 0.0535801238711836 0.0342655280057864 0.134240521097529 0.110827761154278 0.0813855346454727 0.134900221004588 0.104127497975517 0.136330815394217 1949
"130" 0.234204717825817 0.034451357073108 0.115096361832083 0.016829662491302 0.0319313138863401 0.0345392224947911 0.199868824698143 0.259727355405294 0.0430481782700253 0.0303030060230961 1949
"131" 0.0325287939684705 0.137635957829655 0.0177887025977304 0.125750628600095 0.447202675188777 0.0573821650228426 0.0361230729523769 0.046734093414118 0.0429775326991165 0.0558763777268186 1949
"132" 0.03442985428292 0.0674347198459589 0.0200164361692166 0.0549750310110136 0.517355332093734 0.0561095000636102 0.0341861536723316 0.10454470573638 0.0464425095457884 0.0645057575790468 1949
"133" 0.0517372405705755 0.0822541026515008 0.0283501829062341 0.346955033718843 0.151881161757799 0.0537134229701827 0.0538961614087674 0.0847692563555073 0.0690838383152953 0.0773595993452952 1949
"134" 0.0372032126031393 0.089411071517447 0.0218577283963871 0.0691151646215625 0.446571794255008 0.0681352627261202 0.037006597484616 0.075473748650031 0.0628448058079794 0.09238061393771 1949
"135" 0.0713166056003714 0.0668072805450032 0.0345078146408718 0.0424669325712861 0.0888365480567888 0.0963747958802367 0.0500900420283848 0.333426565224703 0.0869980517196626 0.129175363732692 1949
"136" 0.0352071835734178 0.0459999109941942 0.022369369445981 0.0869470121480245 0.461634135859194 0.0694455422703654 0.0416589247953219 0.0549688286736833 0.0823924202862573 0.0993766719535609 1949
"137" 0.07954509262718 0.0603852857603689 0.166253581837099 0.0189630836916603 0.127120317085435 0.0348561409920244 0.0503961836190188 0.0441079788971566 0.361958727322603 0.0564136081674542 1949
"138" 0.10217760347087 0.0218897673393858 0.123648605194322 0.0111237468820835 0.0626263610730143 0.0359032565828903 0.5006986469161 0.0288146426577288 0.0883830086035326 0.0247343612800724 1949
"139" 0.0621622106661726 0.0622163140766014 0.0565903818736992 0.121277030164848 0.160227001933017 0.0634826958136031 0.0816265011204606 0.197237842492915 0.0971914229622239 0.097988598896459 1949
"140" 0.141716683561879 0.135057152941706 0.0269579491946356 0.085586853899942 0.176924377618014 0.0455841124922456 0.142406139851641 0.0673654548326391 0.093256948070518 0.0851443275367803 1949
"141" 0.138082889975107 0.0182347423932897 0.0510024853631586 0.0547184612620183 0.144969303668627 0.0983873203037862 0.232349352676394 0.116882918062231 0.0467755726105385 0.0985969536848504 1949
"142" 0.129545832756464 0.0412931961687009 0.0670785861391101 0.0299386679042895 0.204558202751779 0.058663352803588 0.156504430302021 0.0606916854616419 0.203225422877151 0.0485006228352541 1949
"143" 0.0824402826688588 0.09048808960583 0.167663279981436 0.031890168945536 0.0732377893715156 0.0444681377961043 0.0601096844733814 0.115409297936483 0.0622191786275167 0.272074090593338 1949
"144" 0.0263805307702687 0.144013196486547 0.0697317033296549 0.0536045615028613 0.194697467558943 0.0526276872208649 0.143993525180142 0.14402330128998 0.128359153257319 0.0425688734034192 1949
"145" 0.178387817153085 0.0874287119132117 0.0513735519122223 0.0417166299994882 0.0872230956417709 0.0541394429205975 0.195566770387795 0.0994192677811793 0.131516722836354 0.0732279894542961 1949
"146" 0.0709182509739222 0.140815070017739 0.0161302175446746 0.0514176095786147 0.126088203298546 0.0678938830547616 0.0478272282516787 0.106652950447489 0.124885968651328 0.247370618181246 1949
"147" 0.109346430737922 0.0380059156685991 0.0190250324271073 0.0608296374062829 0.448207067000364 0.0352675664290051 0.0326906771518674 0.0504786717219031 0.0678087542074295 0.138340247249519 1949
"148" 0.0694050811532464 0.0428211032980443 0.0894280426441842 0.144099025356531 0.113686866258346 0.277188077721609 0.072701018996957 0.0693652807738143 0.0497739114738884 0.0715315923233784 1949
"149" 0.037339684128102 0.356337713182911 0.0224160239097857 0.03863827123972 0.131565204570333 0.0359625051111526 0.0435191716767399 0.0442526239541831 0.232207584931177 0.0577612172958959 1949
"150" 0.0641842046157772 0.0367490102767542 0.0602465565586619 0.152464483851276 0.189846811587499 0.0369018824470497 0.151398003148311 0.0945229776636511 0.110108031620472 0.103578038230548 1949
"151" 0.18180093382736 0.0496895811408786 0.0592868630668077 0.0476343138723048 0.257567255004843 0.0536322515193167 0.0601382809312316 0.119966743420195 0.0942177237844307 0.0760660534326314 1949
"152" 0.0315999293137295 0.0559182516423904 0.022611158269303 0.270235090728976 0.239063067510264 0.132528455081572 0.0911995566812917 0.0660873442969573 0.0385144058477902 0.0522427406277252 1949
"153" 0.145544056201187 0.0459670979312157 0.0560706543757912 0.181351339384549 0.142893471653226 0.0692542998042326 0.0748994297684387 0.173084595983692 0.0516282320959695 0.0593068228016975 1949
"154" 0.201804057020661 0.0387040306285261 0.0639581837210725 0.0364363140138154 0.0684839836969962 0.0445641937469824 0.274972112910956 0.100806731505173 0.0605401753640569 0.109730217391761 1950
"155" 0.0716833704816636 0.0480858642850209 0.0477983285435596 0.138508661472634 0.0772604512667736 0.0363147957592723 0.208430198022575 0.0941538530048 0.159156613285828 0.118607863877873 1950
"156" 0.0874053104494875 0.0388305586309593 0.0371820165018171 0.0387467570588346 0.217612613613136 0.048843670524987 0.119130603264337 0.138835650875356 0.068895653594101 0.204517165486985 1950
"157" 0.055668678314728 0.0310799749264549 0.170167533217264 0.0746938051296152 0.108497128580548 0.0732808747356204 0.110494508230094 0.244305889607932 0.0767186970488527 0.0550929102088905 1950
"158" 0.0328013209433118 0.0572770941414814 0.0223373994320423 0.04472440010372 0.352769175783182 0.0437510267503815 0.0380254607848901 0.163695399302209 0.12721861725373 0.117400105505052 1950
"159" 0.085889146288146 0.0845925552919976 0.0495727384350825 0.0242037415693773 0.0807294601416745 0.0711817633188407 0.0465763690571264 0.0590160911274212 0.140329322969567 0.357908811800767 1950
"160" 0.345379789482598 0.0355134661852769 0.0191736659278219 0.250475408625738 0.0903260463509801 0.0288253231289086 0.0264461814221835 0.0775299640136148 0.0455372734451779 0.0807928814176999 1950
"161" 0.0308660487886014 0.204046549948552 0.0332158021128742 0.0832582261224809 0.0868783439830686 0.0487883533409715 0.0927306720000728 0.1186204253248 0.143232600809373 0.158362977569206 1950
"162" 0.0462583894578001 0.0541066069897083 0.0373560630215399 0.0434154901045622 0.171453169724215 0.0638263377578387 0.0884405305974153 0.140957598719952 0.187151981691598 0.167033831935369 1950
"163" 0.215547480383699 0.0563356289939632 0.0289966402164685 0.0826239113192428 0.118622618693028 0.17010137011916 0.0482210329175387 0.0564317410441657 0.154601055271828 0.0685185210409051 1950
"164" 0.0435267103596869 0.0786946777478966 0.0268273040821115 0.0482867115026371 0.335143494590408 0.0481795216112573 0.0577834410391185 0.0540641405212926 0.231465969051461 0.0760280294941299 1950
"165" 0.0844947643265124 0.0419016041913795 0.0351345005664856 0.0499011683201429 0.103467110034315 0.0477264984558544 0.0476695215651382 0.191927088568447 0.0631133416135907 0.334664402358134 1950
"166" 0.0448274123630128 0.0664376088553918 0.14188932767641 0.154058374298462 0.134314258628543 0.0433290161391296 0.058054152577545 0.199943360902632 0.0563712441646118 0.100775244394263 1950
"167" 0.0630807785323967 0.0635328370710512 0.0538694878947174 0.111238427226285 0.135818571826139 0.0607398934027863 0.134889422652908 0.0909903412719127 0.092645260063216 0.193194980058588 1950
"168" 0.103579783784208 0.0618682923616862 0.0800970819013098 0.0319887922933772 0.203174043823919 0.0497662935742185 0.193071371348007 0.0609429693960179 0.0565800005148242 0.158931371002432 1950
"169" 0.0438655742471811 0.133358190305107 0.0539054364556326 0.144432369646468 0.192904271027158 0.0615264196907511 0.0722454940213566 0.150508990514417 0.0826409535861482 0.0646123005057799 1950
"170" 0.0493978571246668 0.0686272040352998 0.0367509633527125 0.0457175336955629 0.233349013060349 0.0519335477309481 0.212795766314203 0.137236414363315 0.065058477670491 0.0991332226524513 1950
"171" 0.0330688929513802 0.159800632046812 0.0247343155050066 0.0767107665001793 0.217101246723738 0.0820249491479254 0.0861043439050335 0.0606616618517015 0.106103130412095 0.153690060956129 1950
"172" 0.23760881361911 0.0644827112188001 0.0467723119897488 0.0338014353315648 0.0766605426414878 0.067700811588927 0.0537087662819009 0.0813737807061762 0.128662999776122 0.209227826846163 1950
"173" 0.0967351129095497 0.0484023715715855 0.0344015993678449 0.152803364121889 0.132116831648068 0.0613640702780356 0.10295937331719 0.137191901654036 0.173077632791641 0.0609477423401599 1950
"174" 0.0394389269652142 0.0688938483434835 0.0296907595206495 0.0396122554224542 0.240391364148641 0.0593731247362288 0.0762040550292637 0.0588874930013711 0.259457793755939 0.128050379076755 1950
"175" 0.147098661363232 0.0528528290699298 0.0549515044095434 0.0483862494789701 0.113383443428487 0.0677376238294318 0.0960528513337176 0.0939527952974585 0.0846769024422195 0.24090713934701 1950
"176" 0.0414332574879443 0.0723226336655745 0.0503493609127303 0.0428401509923003 0.249753170257086 0.157664662112903 0.101372303685964 0.081889735254571 0.0989366623635744 0.103438063267353 1950
"177" 0.0682370901415403 0.0761265837292802 0.0429912280035544 0.0555444310610677 0.293185661091622 0.0935561921272365 0.0397119237352653 0.172916461304419 0.0591939099348058 0.0985365188712088 1950
"178" 0.0384067290327536 0.0459399519400549 0.0277991302569128 0.0488289790840665 0.25789794110775 0.049738651503851 0.0276589098342525 0.389037617961684 0.059419115656809 0.0552729736218657 1950
"179" 0.0277958327150459 0.0530010492915007 0.0141046164569944 0.41795571655448 0.273351689615913 0.032181295518157 0.0367082621053929 0.0581971519630339 0.0329150552209652 0.0537893305585162 1950
"180" 0.102174233506811 0.0435577341827358 0.0212603459894022 0.0520600264572476 0.234875482887164 0.112867821929162 0.0758315049555057 0.0454617764518889 0.19692618520689 0.114984888433192 1950
"181" 0.136578431504661 0.0764947760225236 0.0558083241600012 0.128852387765672 0.20601267454246 0.0725106548044476 0.10602781053793 0.0719376936403448 0.0459539138446655 0.099823333177295 1950
"182" 0.01534683986492 0.0143110428793067 0.0977841924041181 0.106989778433221 0.0318535846306073 0.219592426712266 0.0716900109201583 0.137226900304477 0.0550366909406747 0.25016853291025 1950
"183" 0.0300581008668412 0.036737538469058 0.0455784090135444 0.0405910544657648 0.619506934551503 0.0397716546579778 0.0352158456705342 0.0391951982286689 0.0398390094885515 0.0735062545875567 1950
"184" 0.0253299672127733 0.0615410900752734 0.0202167588789294 0.030502770037544 0.226090899244432 0.0561192888322947 0.0823360023791259 0.262142818753412 0.0825839022832592 0.153136502302956 1950
"185" 0.0415421612578493 0.0523953591513101 0.0275825664808011 0.269249402331062 0.108682881513071 0.0419785870234331 0.0518622742300393 0.0708108882873534 0.194272241705568 0.141623638019512 1950
"186" 0.0818922698952058 0.0440634848872541 0.0380411693240046 0.101510919225658 0.103308660379367 0.0742791400380307 0.17719521413934 0.153885209399632 0.0929596090195268 0.132864323691981 1950
"187" 0.0496323300903342 0.138147076475399 0.0186365183058484 0.150047639761934 0.119473605141092 0.0499127284056565 0.0529661929364513 0.190333905449563 0.133150785276395 0.0976992181573256 1950
"188" 0.130435768230881 0.0179939041933248 0.0432867406017401 0.140168992945641 0.106185205343525 0.104277373922628 0.163773357939476 0.159753788823638 0.0857661138906347 0.0483587541085108 1950
"189" 0.172510344305812 0.104766812085622 0.019859147777273 0.0262375400116519 0.123543831015148 0.0831711043395267 0.0367655856297493 0.112525860990769 0.253576489234038 0.06704328461041 1950
"190" 0.127739554430946 0.141023176190007 0.126897801428046 0.046051485682974 0.137421241022003 0.0377237599508811 0.17021961852717 0.0587185019259561 0.0664624368986173 0.087742423943399 1950
"191" 0.0167173511914774 0.0124696248671556 0.00745680904516997 0.47490406299897 0.23110302933701 0.0593615512579139 0.143719559396305 0.0205683916901895 0.0180347564638569 0.015664863751952 1950
"192" 0.156790609525176 0.116490573040301 0.031028106636265 0.0613747238268356 0.0777976105370607 0.0312250824219655 0.117164724330216 0.0503647820000005 0.253007445690754 0.104756341991426 1950
"193" 0.552288401513444 0.0447368206160802 0.0283623653987669 0.0235051626938331 0.118641344074451 0.0469101516649275 0.051401372957669 0.0395962173954125 0.0476712116239343 0.0468869520614819 1950
"194" 0.0487000680626902 0.0988624841762324 0.0221101233181383 0.0277107172473435 0.107229946934529 0.37893943242263 0.0398009037542402 0.0990717540426849 0.0490759481439739 0.128498621897537 1950
"195" 0.106078441661058 0.0555360268727915 0.0350447249244425 0.139596550817932 0.243920265788766 0.0573657378505407 0.0804851674268885 0.14483790887682 0.062176064407983 0.0749591113727782 1950
"196" 0.165776669071273 0.035676232192282 0.0278210264617944 0.110887338833234 0.087102468459976 0.0956276937129096 0.0923046829352155 0.0772613684534793 0.189500910035485 0.118041609844351 1951
"197" 0.0396322896579831 0.0723937194915086 0.0265770000878792 0.118061180885652 0.151330399340017 0.0715084332532557 0.0439127085076241 0.241835185655012 0.109446015089396 0.125303068031673 1951
"198" 0.0485334140709578 0.0461411609050113 0.0272242424015232 0.0233921579055292 0.0512017754391943 0.0999761094333328 0.0589056505393105 0.133788931366744 0.0786290045927923 0.432207553345605 1951
"199" 0.0981338133230653 0.0445182047947484 0.0402155912006052 0.130862430120014 0.122765627764149 0.0598260397159246 0.252453170839614 0.0585804035592029 0.0785412170314166 0.114103501651261 1951
"200" 0.0328797860274761 0.139938084119099 0.0859981650136091 0.0609473462871931 0.251108042655303 0.0373734114719216 0.0719005200694907 0.0481254010759644 0.0603215583598974 0.211407684920046 1951
"201" 0.0368573343803216 0.0425055266767281 0.0653511036232484 0.0370757201221536 0.349171928958827 0.0869816856992516 0.0637705515961326 0.0596979025485601 0.0700077261999263 0.18858052019485 1951
"202" 0.0349047433223242 0.0454041513018958 0.0247616008367369 0.279530177203708 0.111169102389543 0.0601826037131058 0.0405854121414581 0.120111539627198 0.13478154278938 0.148569126674651 1951
"203" 0.0326158436307312 0.0516125292908313 0.0664515359052493 0.047802269189904 0.258231471828766 0.0533444233741759 0.127750608394015 0.108830389416191 0.115579286363268 0.137781642606868 1951
